   3.4680000e+01   1.7760000e+02
   3.5180000e+01   1.7791000e+02
   3.9550000e+01   1.8370000e+02
   3.9620000e+01   1.8375000e+02
   3.9760000e+01   1.8384000e+02
   3.9840000e+01   1.8387000e+02
   3.9910000e+01   1.8390000e+02
   3.9990000e+01   1.8393000e+02
   4.0070000e+01   1.8396000e+02
   4.0140000e+01   1.8399000e+02
   4.1130000e+01   1.8341000e+02
   4.1290000e+01   1.8444000e+02
   4.1370000e+01   1.8447000e+02
   4.1590000e+01   1.8459000e+02
   4.1890000e+01   1.8469000e+02
   4.1940000e+01   1.8472000e+02
   4.2010000e+01   1.8477000e+02
   4.2080000e+01   1.8481000e+02
   4.2110000e+01   1.8485000e+02
   4.2150000e+01   1.8485000e+02
   4.2190000e+01   1.8489000e+02
   4.2750000e+01   1.8519000e+02
   4.2900000e+01   1.8527000e+02
   4.2980000e+01   1.8530000e+02
   4.3050000e+01   1.8533000e+02
   4.3120000e+01   1.8537000e+02
   4.3170000e+01   1.8338000e+02
   4.3190000e+01   1.8347000e+02
   4.3200000e+01   1.8540000e+02
   4.3220000e+01   1.8356000e+02
   4.3240000e+01   1.8364000e+02
   4.3260000e+01   1.8373000e+02
   4.3280000e+01   1.8382000e+02
   4.3310000e+01   1.8390000e+02
   4.3330000e+01   1.8399000e+02
   4.3350000e+01   1.8408000e+02
   4.3370000e+01   1.8417000e+02
   4.3390000e+01   1.8425000e+02
   4.3420000e+01   1.8434000e+02
   4.3440000e+01   1.8443000e+02
   4.3460000e+01   1.8452000e+02
   4.3490000e+01   1.8460000e+02
   4.4380000e+01   1.8523000e+02
   4.4460000e+01   1.8523000e+02
   4.4870000e+01   1.8524000e+02
   4.4960000e+01   1.8524000e+02
   4.6730000e+01   1.8438000e+02
   4.6750000e+01   1.8525000e+02
   4.6810000e+01   1.8440000e+02
   4.6840000e+01   1.8525000e+02
   4.6890000e+01   1.8443000e+02
   4.6920000e+01   1.8525000e+02
   4.6970000e+01   1.8445000e+02
   4.7040000e+01   1.8448000e+02
   4.7080000e+01   1.8525000e+02
   4.7160000e+01   1.8525000e+02
   4.7200000e+01   1.8453000e+02
   4.7240000e+01   1.8525000e+02
   4.7280000e+01   1.8456000e+02
   4.7360000e+01   1.8459000e+02
   4.7430000e+01   1.8461000e+02
   4.7490000e+01   1.8524000e+02
   4.7510000e+01   1.8464000e+02
   4.7570000e+01   1.8524000e+02
   4.7590000e+01   1.8467000e+02
   4.7620000e+01   1.8604000e+02
   4.7650000e+01   1.8524000e+02
   4.7670000e+01   1.8470000e+02
   4.7670000e+01   1.8609000e+02
   4.7710000e+01   1.8524000e+02
   4.7730000e+01   1.8616000e+02
   4.7740000e+01   1.8473000e+02
   4.7760000e+01   1.8524000e+02
   4.7780000e+01   1.8623000e+02
   4.7820000e+01   1.8477000e+02
   4.7830000e+01   1.8630000e+02
   4.7840000e+01   1.8524000e+02
   4.7890000e+01   1.8637000e+02
   4.7900000e+01   1.8480000e+02
   4.7930000e+01   1.8525000e+02
   4.7940000e+01   1.8644000e+02
   4.7970000e+01   1.8483000e+02
   4.7990000e+01   1.8651000e+02
   4.8010000e+01   1.8526000e+02
   4.8040000e+01   1.8658000e+02
   4.8050000e+01   1.8487000e+02
   4.8090000e+01   1.8526000e+02
   4.8090000e+01   1.8665000e+02
   4.8170000e+01   1.8527000e+02
   4.8250000e+01   1.8527000e+02
   4.8330000e+01   1.8528000e+02
   4.8390000e+01   1.8482000e+02
   4.8410000e+01   1.8529000e+02
   4.8430000e+01   1.8490000e+02
   4.8470000e+01   1.8498000e+02
   4.8500000e+01   1.8506000e+02
   4.8500000e+01   1.8529000e+02
   4.8540000e+01   1.8514000e+02
   4.8580000e+01   1.8522000e+02
   4.8580000e+01   1.8530000e+02
   4.8610000e+01   1.8530000e+02
   4.8650000e+01   1.8538000e+02
   4.8660000e+01   1.8531000e+02
   4.8680000e+01   1.8547000e+02
   4.8710000e+01   1.8555000e+02
   4.8740000e+01   1.8531000e+02
   4.8740000e+01   1.8563000e+02
   4.9230000e+01   1.8688000e+02
   4.9350000e+01   1.8699000e+02
   4.9430000e+01   1.8704000e+02
   4.9510000e+01   1.8706000e+02
   4.9580000e+01   1.8710000e+02
   4.9660000e+01   1.8713000e+02
   4.9740000e+01   1.8716000e+02
   4.9820000e+01   1.8720000e+02
   5.0750000e+01   1.8786000e+02
   5.1330000e+01   1.8820000e+02
   5.1400000e+01   1.8825000e+02
   5.1480000e+01   1.8828000e+02
   5.1630000e+01   1.8833000e+02
   5.1710000e+01   1.8836000e+02
   5.1790000e+01   1.8839000e+02
   5.1870000e+01   1.8842000e+02
   5.1940000e+01   1.8845000e+02
   5.2020000e+01   1.8848000e+02
   5.2100000e+01   1.8851000e+02
   5.2180000e+01   1.8854000e+02
   5.2250000e+01   1.8857000e+02
   5.9730000e+01   1.9342000e+02
   5.9740000e+01   1.9351000e+02
   5.9750000e+01   1.9511000e+02
   5.9780000e+01   1.9515000e+02
   5.9880000e+01   1.9530000e+02
   5.9950000e+01   1.9486000e+02
   5.9960000e+01   1.9495000e+02
   5.9980000e+01   1.9504000e+02
   6.0000000e+01   1.9512000e+02
   6.0010000e+01   1.9521000e+02
   6.0030000e+01   1.8901000e+02
   6.0030000e+01   1.9530000e+02
   6.0050000e+01   1.9539000e+02
   6.0070000e+01   1.9548000e+02
   6.0120000e+01   1.8903000e+02
   6.0150000e+01   1.9564000e+02
   6.0810000e+01   1.9568000e+02
   6.0850000e+01   1.9572000e+02
   6.1650000e+01   1.9637000e+02
   6.1710000e+01   1.9643000e+02
   6.3040000e+01   1.9752000e+02
   6.3100000e+01   1.9757000e+02
   6.3170000e+01   1.9763000e+02
   6.3240000e+01   1.9768000e+02
   6.3310000e+01   1.9774000e+02
   6.3370000e+01   1.9779000e+02
   6.3440000e+01   1.9784000e+02
   6.3770000e+01   1.9812000e+02
   6.4240000e+01   1.9850000e+02
   6.4330000e+01   1.9023000e+02
   6.6520000e+01   1.9180000e+02
   6.6580000e+01   1.9186000e+02
   6.6640000e+01   1.9192000e+02
   6.7490000e+01   2.0698000e+02
   6.7510000e+01   2.0690000e+02
   6.7540000e+01   2.0681000e+02
   6.7560000e+01   2.0673000e+02
   6.7590000e+01   2.0664000e+02
   6.7620000e+01   2.0655000e+02
   6.7640000e+01   2.0646000e+02
   6.7670000e+01   2.0638000e+02
   6.7780000e+01   2.0604000e+02
   6.7810000e+01   2.0594000e+02
   6.7850000e+01   2.0631000e+02
   6.7860000e+01   2.0640000e+02
   6.7860000e+01   2.0648000e+02
   6.7890000e+01   2.0623000e+02
   6.7900000e+01   2.0647000e+02
   6.7920000e+01   2.0614000e+02
   6.7960000e+01   2.0606000e+02
   6.7970000e+01   2.0655000e+02
   6.7990000e+01   2.0598000e+02
   6.8210000e+01   2.0674000e+02
   6.8280000e+01   2.0679000e+02
   6.8350000e+01   2.0684000e+02
   6.8420000e+01   2.0689000e+02
   6.9090000e+01   1.9121000e+02
   6.9180000e+01   1.9122000e+02
   6.9260000e+01   1.9123000e+02
   6.9340000e+01   1.9124000e+02
   6.9420000e+01   1.9125000e+02
   6.9500000e+01   1.9127000e+02
   6.9580000e+01   1.9128000e+02
   6.9670000e+01   1.9129000e+02
   6.9750000e+01   1.9131000e+02
   6.9830000e+01   1.9132000e+02
   6.9910000e+01   1.9133000e+02
   6.9990000e+01   1.9135000e+02
   7.0070000e+01   1.9136000e+02
   7.0320000e+01   1.9140000e+02
   7.0400000e+01   1.9141000e+02
   7.0480000e+01   1.9143000e+02
   7.0560000e+01   1.9144000e+02
   7.0640000e+01   1.9145000e+02
   7.0720000e+01   1.9146000e+02
   7.0810000e+01   1.9148000e+02
   7.0890000e+01   1.9149000e+02
   7.0970000e+01   1.9150000e+02
   7.1050000e+01   1.9151000e+02
   7.1130000e+01   1.9152000e+02
   7.1400000e+01   1.9134000e+02
   7.1450000e+01   1.9149000e+02
   7.1530000e+01   1.9145000e+02
   7.1640000e+01   1.9141000e+02
   7.1700000e+01   1.9143000e+02
   7.1780000e+01   1.9146000e+02
   7.1860000e+01   1.9149000e+02
   7.1940000e+01   1.9151000e+02
   7.2010000e+01   1.9154000e+02
   7.2150000e+01   2.0871000e+02
   7.2220000e+01   2.0869000e+02
   7.2300000e+01   2.0867000e+02
   7.2460000e+01   2.0860000e+02
   7.2620000e+01   2.0855000e+02
   7.2700000e+01   2.0852000e+02
   7.2780000e+01   2.0849000e+02
   7.2860000e+01   2.0846000e+02
   7.2930000e+01   2.0843000e+02
   7.3260000e+01   1.9199000e+02
   7.3360000e+01   1.9951000e+02
   7.3660000e+01   1.9373000e+02
   7.3720000e+01   1.9367000e+02
   7.3780000e+01   1.9361000e+02
   7.3840000e+01   1.9354000e+02
   7.3900000e+01   1.9348000e+02
   7.5840000e+01   1.9249000e+02
   7.6660000e+01   1.9237000e+02
   7.6740000e+01   1.9235000e+02
   7.6820000e+01   1.9234000e+02
   7.6910000e+01   1.9233000e+02
   7.6990000e+01   1.9232000e+02
   7.7070000e+01   1.9230000e+02
   7.7150000e+01   1.9229000e+02
   7.7230000e+01   1.9228000e+02
   7.7310000e+01   1.9227000e+02
   7.7350000e+01   2.0337000e+02
   7.7390000e+01   1.9225000e+02
   7.7470000e+01   1.9224000e+02
   7.7560000e+01   1.9222000e+02
   7.7560000e+01   2.0434000e+02
   7.7580000e+01   2.0443000e+02
   7.7640000e+01   1.9221000e+02
   7.7680000e+01   2.0478000e+02
   7.7700000e+01   2.0487000e+02
   7.7720000e+01   1.9220000e+02
   7.7800000e+01   1.9218000e+02
   7.7880000e+01   1.9217000e+02
   7.7960000e+01   1.9216000e+02
   7.7980000e+01   1.9363000e+02
   7.8040000e+01   1.9214000e+02
   7.8120000e+01   1.9213000e+02
   7.8210000e+01   1.9212000e+02
   7.8290000e+01   1.9211000e+02
   7.8300000e+01   2.0560000e+02
   7.8350000e+01   2.0568000e+02
   7.8370000e+01   1.9209000e+02
   7.8450000e+01   1.9208000e+02
   7.8860000e+01   1.9202000e+02
   7.8940000e+01   1.9199000e+02
   8.2420000e+01   1.9167000e+02
   8.2450000e+01   1.9173000e+02
   8.2680000e+01   2.0272000e+02
   8.2700000e+01   1.9158000e+02
   8.2780000e+01   1.9156000e+02
   8.2860000e+01   1.9153000e+02
   8.2940000e+01   1.9151000e+02
   8.2960000e+01   2.0763000e+02
   8.3020000e+01   1.9149000e+02
   8.3100000e+01   1.9147000e+02
   8.4790000e+01   1.9108000e+02
   8.4870000e+01   1.9106000e+02
   8.4950000e+01   1.9104000e+02
   8.5020000e+01   1.9102000e+02
   8.5110000e+01   1.9100000e+02
   8.5760000e+01   1.9838000e+02
   8.7690000e+01   1.9710000e+02
   8.7810000e+01   1.8990000e+02
   8.8650000e+01   1.8895000e+02
   8.8680000e+01   1.8898000e+02
   8.8680000e+01   1.8987000e+02
   8.8690000e+01   1.8978000e+02
   8.8710000e+01   1.8890000e+02
   8.8710000e+01   1.8970000e+02
   8.8730000e+01   1.8961000e+02
   8.8750000e+01   1.8952000e+02
   8.8760000e+01   1.8893000e+02
   8.8770000e+01   1.8944000e+02
   8.8790000e+01   1.8935000e+02
   8.8810000e+01   1.8926000e+02
   8.8820000e+01   1.8888000e+02
   8.8830000e+01   1.8918000e+02
   8.8850000e+01   1.8909000e+02
   8.8870000e+01   1.8900000e+02
   8.8890000e+01   1.8883000e+02
   8.8940000e+01   1.8879000e+02
   8.8990000e+01   1.8875000e+02
   8.9130000e+01   1.8865000e+02
   8.9190000e+01   1.8859000e+02
   9.1420000e+01   2.0366000e+02
   9.1430000e+01   2.0357000e+02
   9.1430000e+01   2.0375000e+02
   9.1450000e+01   2.0348000e+02
   9.1460000e+01   2.0340000e+02
   9.1480000e+01   2.0382000e+02
   9.1530000e+01   2.0389000e+02
   9.1590000e+01   2.0395000e+02
   9.1650000e+01   2.0403000e+02
   9.1760000e+01   2.0415000e+02
   9.1820000e+01   2.0422000e+02
   9.3060000e+01   1.8024000e+02
   9.3120000e+01   1.8018000e+02
   9.3180000e+01   1.8012000e+02
   9.3240000e+01   1.8007000e+02
   9.3320000e+01   2.0413000e+02
   9.3360000e+01   1.7994000e+02
   9.3370000e+01   2.0420000e+02
   9.3390000e+01   1.7988000e+02
   9.3420000e+01   1.7988000e+02
   9.3480000e+01   1.7982000e+02
   9.3500000e+01   1.7979000e+02
   9.3530000e+01   1.7976000e+02
   9.3560000e+01   1.7973000e+02
   9.3620000e+01   1.7967000e+02
   9.3630000e+01   2.0427000e+02
   9.3690000e+01   2.0421000e+02
   9.3750000e+01   2.0415000e+02
   9.3760000e+01   2.0689000e+02
   9.3820000e+01   2.0409000e+02
   9.3860000e+01   1.7943000e+02
   9.3880000e+01   2.0403000e+02
   9.3920000e+01   1.7934000e+02
   9.3940000e+01   2.0396000e+02
   9.3980000e+01   1.7928000e+02
   9.3990000e+01   1.7925000e+02
   9.3990000e+01   2.0389000e+02
   9.4040000e+01   1.7922000e+02
   9.4050000e+01   1.7919000e+02
   9.4100000e+01   1.7917000e+02
   9.4150000e+01   1.7912000e+02
   9.4210000e+01   1.7906000e+02
   9.4220000e+01   1.7903000e+02
   9.4270000e+01   1.7900000e+02
   9.4280000e+01   1.7895000e+02
   9.4340000e+01   1.7889000e+02
   9.4360000e+01   1.7899000e+02
   9.4400000e+01   1.7884000e+02
   9.4420000e+01   1.7893000e+02
   9.4460000e+01   1.7878000e+02
   9.4490000e+01   1.7888000e+02
   9.4530000e+01   1.7872000e+02
   9.4550000e+01   1.7883000e+02
   9.4590000e+01   1.7866000e+02
   9.4620000e+01   1.7878000e+02
   9.4650000e+01   1.7860000e+02
   9.4710000e+01   1.7854000e+02
   9.4750000e+01   1.7867000e+02
   9.4770000e+01   1.7849000e+02
   9.4810000e+01   1.7862000e+02
   9.4830000e+01   1.7843000e+02
   9.4890000e+01   1.7859000e+02
   9.4900000e+01   1.7838000e+02
   9.4970000e+01   1.7841000e+02
   9.5030000e+01   2.0792000e+02
   9.5040000e+01   1.7846000e+02
   9.5100000e+01   2.0798000e+02
   9.5110000e+01   1.7850000e+02
   9.5180000e+01   1.7855000e+02
   9.5240000e+01   2.0808000e+02
   9.6010000e+01   1.8127000e+02
   9.6440000e+01   2.0756000e+02
   9.6990000e+01   1.9545000e+02
   9.7100000e+01   1.0069000e+02
   9.7380000e+01   1.9635000e+02
   1.0309000e+02   1.7871000e+02
   1.0443000e+02   2.0219000e+02
   1.0443000e+02   2.0241000e+02
   1.0450000e+02   2.0213000e+02
   1.0459000e+02   2.0237000e+02
   1.0467000e+02   2.0236000e+02
   1.0492000e+02   2.0162000e+02
   1.0500000e+02   2.0127000e+02
   1.0501000e+02   2.0135000e+02
   1.0502000e+02   2.0206000e+02
   1.0503000e+02   2.0144000e+02
   1.0505000e+02   2.0120000e+02
   1.0505000e+02   2.0152000e+02
   1.0512000e+02   2.0115000e+02
   1.0530000e+02   2.0133000e+02
   1.0533000e+02   2.0137000e+02
   1.0535000e+02   2.0125000e+02
   1.0540000e+02   2.0119000e+02
   1.0541000e+02   2.0133000e+02
   1.0546000e+02   2.0112000e+02
   1.0551000e+02   2.0106000e+02
   1.0560000e+02   2.0080000e+02
   1.0567000e+02   2.0075000e+02
   1.0588000e+02   2.0113000e+02
   1.0595000e+02   2.0110000e+02
   1.0683000e+02   2.0084000e+02
   1.0707000e+02   2.0078000e+02
   1.0715000e+02   2.0076000e+02
   1.0723000e+02   2.0074000e+02
   1.0731000e+02   2.0071000e+02
   1.0739000e+02   2.0069000e+02
   1.0755000e+02   2.0065000e+02
   1.0764000e+02   2.0063000e+02
   1.1005000e+02   1.7154000e+02
   1.1011000e+02   1.7151000e+02
   1.1018000e+02   1.7146000e+02
   1.1024000e+02   1.7142000e+02
   1.1041000e+02   1.7133000e+02
   1.1333000e+02   1.9868000e+02
   1.1336000e+02   1.9859000e+02
   1.1421000e+02   1.9827000e+02
   1.1428000e+02   1.9831000e+02
   1.1435000e+02   1.9835000e+02
   1.1443000e+02   1.9839000e+02
   1.1450000e+02   1.9844000e+02
   1.1457000e+02   1.9848000e+02
   1.1477000e+02   1.9864000e+02
   1.1479000e+02   2.0068000e+02
   1.1484000e+02   2.0075000e+02
   1.1489000e+02   2.0082000e+02
   1.1495000e+02   2.0089000e+02
   1.1516000e+02   1.9897000e+02
   1.1618000e+02   1.9988000e+02
   1.1625000e+02   1.9993000e+02
   1.1645000e+02   2.0042000e+02
   1.1665000e+02   2.0025000e+02
   1.2557000e+02   1.0695000e+02
   1.2642000e+02   1.0727000e+02
   1.2657000e+02   1.0732000e+02
   1.2664000e+02   1.0735000e+02
   1.2671000e+02   1.0738000e+02
   1.2676000e+02   1.0739000e+02
   1.2681000e+02   1.0741000e+02
   1.2716000e+02   1.0755000e+02
   1.2723000e+02   1.0757000e+02
   1.2730000e+02   1.0760000e+02
   1.2738000e+02   1.0763000e+02
   1.2752000e+02   1.0768000e+02
   1.2816000e+02   1.0791000e+02
   1.2823000e+02   1.0794000e+02
   1.2845000e+02   1.0803000e+02
   1.2881000e+02   1.0814000e+02
   1.2888000e+02   1.0817000e+02
   1.2895000e+02   1.0819000e+02
   1.3134000e+02   1.0950000e+02
   1.3303000e+02   1.8166000e+02
   1.3448000e+02   1.7596000e+02
   1.3506000e+02   1.8163000e+02
   1.3513000e+02   1.8160000e+02
   1.3521000e+02   1.8157000e+02
   1.3528000e+02   1.8154000e+02
   1.3536000e+02   1.8151000e+02
   1.3555000e+02   1.9938000e+02
   1.3556000e+02   1.9936000e+02
   1.3558000e+02   1.9931000e+02
   1.3559000e+02   1.8141000e+02
   1.3596000e+02   1.9853000e+02
   1.3601000e+02   1.9884000e+02
   1.3602000e+02   1.9846000e+02
   1.3604000e+02   1.9876000e+02
   1.3606000e+02   1.9868000e+02
   1.3608000e+02   1.9859000e+02
   1.3629000e+02   1.9894000e+02
   1.3642000e+02   1.8179000e+02
   1.3647000e+02   1.8173000e+02
   1.3653000e+02   1.8167000e+02
   1.3686000e+02   1.9927000e+02
   1.3693000e+02   1.9932000e+02
   1.3727000e+02   1.9956000e+02
   1.3734000e+02   1.9961000e+02
   1.3738000e+02   1.9964000e+02
   1.3742000e+02   1.9967000e+02
   1.3756000e+02   1.9977000e+02
   1.3833000e+02   2.0056000e+02
   1.3840000e+02   2.0062000e+02
   1.3881000e+02   2.0091000e+02
   1.3961000e+02   1.4034000e+02
   1.3965000e+02   1.4027000e+02
   1.3970000e+02   1.4020000e+02
   1.3974000e+02   1.4013000e+02
   1.3978000e+02   1.4006000e+02
   1.3979000e+02   2.0012000e+02
   1.3986000e+02   1.3992000e+02
   1.3995000e+02   1.3978000e+02
   1.3999000e+02   1.3971000e+02
   1.4003000e+02   1.3964000e+02
   1.4007000e+02   1.3957000e+02
   1.4012000e+02   1.3950000e+02
   1.4016000e+02   1.3944000e+02
   1.4038000e+02   1.3910000e+02
   1.4043000e+02   1.3904000e+02
   1.4087000e+02   1.3825000e+02
   1.4091000e+02   1.4083000e+02
   1.4094000e+02   1.9429000e+02
   1.4095000e+02   1.3811000e+02
   1.4107000e+02   1.4102000e+02
   1.4131000e+02   1.1844000e+02
   1.4137000e+02   1.1849000e+02
   1.4140000e+02   1.9087000e+02
   1.4149000e+02   1.9088000e+02
   1.4158000e+02   1.9384000e+02
   1.4181000e+02   1.9094000e+02
   1.4659000e+02   1.6967000e+02
   1.4660000e+02   1.6507000e+02
   1.4667000e+02   1.6504000e+02
   1.4667000e+02   1.6967000e+02
   1.4667000e+02   1.7080000e+02
   1.4669000e+02   1.7072000e+02
   1.4675000e+02   1.6966000e+02
   1.4677000e+02   1.7048000e+02
   1.4680000e+02   1.7040000e+02
   1.4683000e+02   1.6966000e+02
   1.4689000e+02   1.6492000e+02
   1.4691000e+02   1.6965000e+02
   1.4692000e+02   1.7042000e+02
   1.4697000e+02   1.7010000e+02
   1.4699000e+02   1.6965000e+02
   1.4700000e+02   1.7043000e+02
   1.4701000e+02   1.7010000e+02
   1.4703000e+02   1.6485000e+02
   1.4705000e+02   1.7015000e+02
   1.4707000e+02   1.6964000e+02
   1.4708000e+02   1.7045000e+02
   1.4711000e+02   1.6481000e+02
   1.4713000e+02   1.7016000e+02
   1.4715000e+02   1.6964000e+02
   1.4716000e+02   1.7046000e+02
   1.4721000e+02   1.7016000e+02
   1.4723000e+02   1.6964000e+02
   1.4724000e+02   1.7048000e+02
   1.4729000e+02   1.7015000e+02
   1.4731000e+02   1.6963000e+02
   1.4732000e+02   1.7049000e+02
   1.4737000e+02   1.7014000e+02
   1.4740000e+02   1.6963000e+02
   1.4740000e+02   1.7050000e+02
   1.4745000e+02   1.7013000e+02
   1.4747000e+02   1.6964000e+02
   1.4748000e+02   1.7052000e+02
   1.4751000e+02   1.6961000e+02
   1.4764000e+02   1.7054000e+02
   1.4772000e+02   1.7055000e+02
   1.4780000e+02   1.7057000e+02
   1.4788000e+02   1.7058000e+02
   1.4796000e+02   1.7059000e+02
   1.4804000e+02   1.7061000e+02
   1.4811000e+02   1.7062000e+02
   1.4811000e+02   1.7363000e+02
   1.4816000e+02   1.7005000e+02
   1.4818000e+02   1.7013000e+02
   1.4819000e+02   1.7063000e+02
   1.4819000e+02   1.7365000e+02
   1.4821000e+02   1.7021000e+02
   1.4827000e+02   1.7065000e+02
   1.4827000e+02   1.7366000e+02
   1.4829000e+02   1.7054000e+02
   1.4832000e+02   1.7062000e+02
   1.4832000e+02   1.7075000e+02
   1.4833000e+02   1.7071000e+02
   1.4835000e+02   1.7066000e+02
   1.4835000e+02   1.7367000e+02
   1.4843000e+02   1.7068000e+02
   1.4843000e+02   1.7368000e+02
   1.4848000e+02   1.7566000e+02
   1.4851000e+02   1.7369000e+02
   1.4855000e+02   1.7570000e+02
   1.4859000e+02   1.7370000e+02
   1.4863000e+02   1.7573000e+02
   1.4867000e+02   1.7371000e+02
   1.4870000e+02   1.7576000e+02
   1.4873000e+02   1.6321000e+02
   1.4875000e+02   1.7372000e+02
   1.4877000e+02   1.6328000e+02
   1.4877000e+02   1.7580000e+02
   1.4881000e+02   1.6335000e+02
   1.4883000e+02   1.7373000e+02
   1.4885000e+02   1.7583000e+02
   1.4891000e+02   1.7374000e+02
   1.4892000e+02   1.7587000e+02
   1.4899000e+02   1.7375000e+02
   1.4900000e+02   1.7590000e+02
   1.4907000e+02   1.7376000e+02
   1.4907000e+02   1.7593000e+02
   1.4911000e+02   1.6034000e+02
   1.4915000e+02   1.7377000e+02
   1.4915000e+02   1.7597000e+02
   1.4918000e+02   1.6040000e+02
   1.4922000e+02   1.7600000e+02
   1.4923000e+02   1.5445000e+02
   1.4924000e+02   1.6045000e+02
   1.4929000e+02   1.6051000e+02
   1.4929000e+02   1.7604000e+02
   1.4935000e+02   1.6057000e+02
   1.4937000e+02   1.7608000e+02
   1.4941000e+02   1.6062000e+02
   1.4944000e+02   1.7611000e+02
   1.4947000e+02   1.6068000e+02
   1.4951000e+02   1.7615000e+02
   1.4959000e+02   1.7618000e+02
   1.4964000e+02   1.6086000e+02
   1.4970000e+02   1.6091000e+02
   1.4976000e+02   1.6097000e+02
   1.4981000e+02   1.7629000e+02
   1.5090000e+02   1.7685000e+02
   1.5381000e+02   1.8347000e+02
   1.5388000e+02   1.8352000e+02
   1.5393000e+02   1.8335000e+02
   1.5394000e+02   1.8357000e+02
   1.5396000e+02   1.8328000e+02
   1.5396000e+02   1.8343000e+02
   1.5399000e+02   1.8351000e+02
   1.5401000e+02   1.8359000e+02
   1.5401000e+02   1.8361000e+02
   1.5402000e+02   1.8323000e+02
   1.5404000e+02   1.8367000e+02
   1.5406000e+02   1.8375000e+02
   1.5406000e+02   1.8381000e+02
   1.5408000e+02   1.8366000e+02
   1.5409000e+02   1.8318000e+02
   1.5415000e+02   1.8314000e+02
   1.5415000e+02   1.8371000e+02
   1.5421000e+02   1.8376000e+02
   1.5428000e+02   1.8380000e+02
   1.5435000e+02   1.8385000e+02
   1.5442000e+02   1.8390000e+02
   1.5447000e+02   1.8292000e+02
   1.5449000e+02   1.8394000e+02
   1.5454000e+02   1.8287000e+02
   1.5456000e+02   1.8399000e+02
   1.5461000e+02   1.8282000e+02
   1.5462000e+02   1.8405000e+02
   1.5468000e+02   1.8277000e+02
   1.5469000e+02   1.8409000e+02
   1.5475000e+02   1.8273000e+02
   1.5476000e+02   1.8414000e+02
   1.5481000e+02   1.8268000e+02
   1.5488000e+02   1.8263000e+02
   1.5510000e+02   1.8437000e+02
   1.5516000e+02   1.8442000e+02
   1.5536000e+02   1.8231000e+02
   1.5537000e+02   1.8457000e+02
   1.5543000e+02   1.8227000e+02
   1.5544000e+02   1.8461000e+02
   1.5572000e+02   1.8211000e+02
   1.5586000e+02   1.8203000e+02
   1.5698000e+02   1.8557000e+02
   1.5706000e+02   1.8561000e+02
   1.6015000e+02   1.8598000e+02
   1.6021000e+02   1.7776000e+02
   1.6067000e+02   1.7811000e+02
   1.6297000e+02   2.0383000e+02
   1.6309000e+02   2.0360000e+02
   1.6316000e+02   2.0359000e+02
   1.6318000e+02   1.9339000e+02
   1.6321000e+02   2.0366000e+02
   1.6326000e+02   2.0373000e+02
   1.6332000e+02   2.0379000e+02
   1.6332000e+02   2.0407000e+02
   1.6340000e+02   2.0380000e+02
   1.6340000e+02   2.0407000e+02
   1.6349000e+02   2.0380000e+02
   1.6357000e+02   2.0382000e+02
   1.6357000e+02   2.0407000e+02
   1.6363000e+02   2.0387000e+02
   1.6370000e+02   2.0392000e+02
   1.6382000e+02   1.8030000e+02
   1.6398000e+02   2.0425000e+02
   1.6403000e+02   2.0432000e+02
   1.6406000e+02   2.0436000e+02
   1.6408000e+02   2.0440000e+02
   1.6433000e+02   1.7947000e+02
   1.6443000e+02   1.8022000e+02
   1.6445000e+02   1.8018000e+02
   1.6479000e+02   1.9080000e+02
   1.6495000e+02   1.8009000e+02
   1.6550000e+02   1.9364000e+02
   1.6561000e+02   1.9406000e+02
   1.6563000e+02   1.9415000e+02
   1.6589000e+02   1.9476000e+02
   1.6610000e+02   1.9489000e+02
   1.6617000e+02   1.9494000e+02
   1.6632000e+02   1.9504000e+02
   1.6667000e+02   1.9525000e+02
   1.6791000e+02   1.9915000e+02
   1.6795000e+02   1.9908000e+02
   1.6797000e+02   1.9904000e+02
   1.6800000e+02   1.9900000e+02
   1.6806000e+02   1.9898000e+02
   1.6814000e+02   1.9902000e+02
   1.6822000e+02   1.9904000e+02
   1.6830000e+02   1.9907000e+02
   1.6834000e+02   1.9914000e+02
   1.6838000e+02   1.9909000e+02
   1.6841000e+02   1.9919000e+02
   1.6846000e+02   1.9911000e+02
   1.6848000e+02   1.9923000e+02
   1.6854000e+02   1.9914000e+02
   1.6855000e+02   1.9928000e+02
   1.6862000e+02   1.9916000e+02
   1.6870000e+02   1.9918000e+02
   1.6884000e+02   1.9946000e+02
   1.6886000e+02   1.9923000e+02
   1.6891000e+02   1.9950000e+02
   1.6892000e+02   1.9925000e+02
   1.6898000e+02   1.9955000e+02
   1.7048000e+02   1.9790000e+02
   1.7055000e+02   1.9795000e+02
   1.7062000e+02   1.9800000e+02
   1.7069000e+02   1.9805000e+02
   1.7076000e+02   1.9810000e+02
   1.7083000e+02   1.9814000e+02
   1.7090000e+02   1.9819000e+02
   1.7097000e+02   1.9824000e+02
   1.7103000e+02   1.9828000e+02
   1.7110000e+02   1.9833000e+02
   1.7117000e+02   1.9838000e+02
   1.7124000e+02   1.9843000e+02
   1.7131000e+02   1.9847000e+02
   1.7138000e+02   1.9852000e+02
   1.7145000e+02   1.9857000e+02
   1.7152000e+02   1.9861000e+02
   1.7349000e+02   2.1811000e+02
   1.7513000e+02   2.0716000e+02
   1.7513000e+02   2.0724000e+02
   1.7517000e+02   2.0733000e+02
   1.7519000e+02   2.0714000e+02
   1.7520000e+02   2.0741000e+02
   1.7527000e+02   2.0711000e+02
   1.7531000e+02   2.0773000e+02
   1.7539000e+02   2.0926000e+02
   1.7544000e+02   2.0806000e+02
   1.7550000e+02   2.0703000e+02
   1.7550000e+02   2.0822000e+02
   1.7554000e+02   2.0830000e+02
   1.7557000e+02   2.0838000e+02
   1.7558000e+02   2.0697000e+02
   1.7561000e+02   2.0846000e+02
   1.7564000e+02   2.0854000e+02
   1.7567000e+02   2.0861000e+02
   1.7571000e+02   2.0869000e+02
   1.7574000e+02   2.0877000e+02
   1.7578000e+02   2.0885000e+02
   1.7581000e+02   2.0893000e+02
   1.7614000e+02   2.1037000e+02
   1.7620000e+02   2.0672000e+02
   1.7639000e+02   2.1035000e+02
   1.7647000e+02   2.1034000e+02
   1.7656000e+02   2.1033000e+02
   1.7664000e+02   2.1033000e+02
   1.7669000e+02   2.1031000e+02
   1.7678000e+02   2.1047000e+02
   1.7686000e+02   2.1048000e+02
   1.7692000e+02   2.1891000e+02
   1.7700000e+02   2.1892000e+02
   1.7708000e+02   2.1894000e+02
   1.7758000e+02   2.1904000e+02
   1.7766000e+02   2.1906000e+02
   1.8371000e+02   2.1947000e+02
   1.8866000e+02   2.2346000e+02
   1.8872000e+02   2.2352000e+02
   1.8878000e+02   2.2358000e+02
