  -5.9547912e+01   4.8179757e+01
  -5.9544906e+01   4.8183771e+01
  -5.9541808e+01   4.8187773e+01
  -5.9447168e+01   4.8065364e+01
  -5.9451843e+01   4.8061899e+01
  -5.9456288e+01   4.8058540e+01
  -5.9469788e+01   4.8048520e+01
  -5.9474266e+01   4.8045173e+01
  -5.9478778e+01   4.8041852e+01
  -5.9483279e+01   4.8038491e+01
  -5.9487783e+01   4.8035157e+01
  -5.9492524e+01   4.8031997e+01
  -5.9497250e+01   4.8028785e+01
  -6.0057390e+01   4.6955722e+01
  -6.0070145e+01   4.6945404e+01
  -5.9769063e+01   4.8511834e+01
  -5.9762252e+01   4.8512020e+01
  -5.9755489e+01   4.8512171e+01
  -5.9748743e+01   4.8512328e+01
  -5.9741973e+01   4.8512460e+01
  -5.9735193e+01   4.8512626e+01
  -5.9728439e+01   4.8512792e+01
  -5.9721655e+01   4.8512924e+01
  -5.9714876e+01   4.8513095e+01
  -5.9708101e+01   4.8513230e+01
  -5.9700992e+01   4.8513779e+01
  -5.9694557e+01   4.8514198e+01
  -5.9691557e+01   4.8512769e+01
  -5.9699813e+01   4.8540161e+01
  -5.9706552e+01   4.8540337e+01
  -5.9713314e+01   4.8540556e+01
  -5.9720105e+01   4.8540410e+01
  -5.9727195e+01   4.8540133e+01
  -5.9733687e+01   4.8539338e+01
  -5.9736218e+01   4.8536595e+01
  -5.9739854e+01   4.8536340e+01
  -5.9756271e+01   4.8551108e+01
  -5.9759000e+01   4.8555241e+01
  -5.9767176e+01   4.8567589e+01
  -5.9769880e+01   4.8571748e+01
  -5.8680013e+01   4.9001403e+01
  -5.8644075e+01   4.9022239e+01
  -5.8340597e+01   4.9148917e+01
  -5.8345773e+01   4.9111013e+01
  -5.8394271e+01   4.9152239e+01
  -5.8743024e+01   4.9431518e+01
  -5.8388286e+01   4.9705583e+01
  -5.8349599e+01   4.9856550e+01
  -5.8343937e+01   4.9878762e+01
  -5.8342644e+01   4.9883456e+01
  -5.8325301e+01   4.9916709e+01
  -5.8308267e+01   4.9924727e+01
  -5.8302644e+01   4.9927397e+01
  -5.8291375e+01   4.9932694e+01
  -5.8263240e+01   4.9945949e+01
  -5.7962472e+01   5.0102926e+01
  -5.7957037e+01   5.0105746e+01
  -5.7951635e+01   5.0108592e+01
  -5.7946164e+01   5.0111400e+01
  -5.7940772e+01   5.0114257e+01
  -5.7935341e+01   5.0117075e+01
  -5.7929893e+01   5.0119888e+01
  -5.7924467e+01   5.0122745e+01
  -5.7919006e+01   5.0125546e+01
  -5.7913535e+01   5.0128352e+01
  -5.7908064e+01   5.0131182e+01
  -5.7902591e+01   5.0133958e+01
  -5.7897115e+01   5.0136791e+01
  -5.7891643e+01   5.0139606e+01
  -5.7886074e+01   5.0142537e+01
  -5.7880862e+01   5.0145047e+01
  -5.7638916e+01   5.0713858e+01
  -5.7584239e+01   5.0774691e+01
  -5.7562994e+01   5.0774899e+01
  -5.7555877e+01   5.0775018e+01
  -5.7548812e+01   5.0775083e+01
  -5.7541465e+01   5.0775070e+01
  -5.7536995e+01   5.0774587e+01
  -5.7531451e+01   5.0782971e+01
  -5.7524546e+01   5.0784000e+01
  -5.7020871e+01   5.1281182e+01
  -5.5885565e+01   5.1680381e+01
  -5.5859151e+01   5.1686010e+01
  -5.5839828e+01   5.1692221e+01
  -5.5826884e+01   5.1696198e+01
  -5.5820244e+01   5.1698230e+01
  -5.5798690e+01   5.1721699e+01
  -5.5814147e+01   5.1754484e+01
  -5.5806580e+01   5.1771817e+01
  -5.9455630e+01   4.8909315e+01
  -5.9543597e+01   4.8874908e+01
  -5.9561399e+01   4.8868237e+01
  -5.9567315e+01   4.8866017e+01
  -5.9573218e+01   4.8863793e+01
  -5.9579152e+01   4.8861536e+01
  -5.9585064e+01   4.8859299e+01
  -5.9590999e+01   4.8857041e+01
  -5.9597009e+01   4.8854888e+01
  -5.9602996e+01   4.8852786e+01
  -5.9608992e+01   4.8850682e+01
  -5.9614999e+01   4.8848542e+01
  -5.9621034e+01   4.8846401e+01
  -5.9627023e+01   4.8844271e+01
  -5.9632772e+01   4.8842216e+01
  -5.9638735e+01   4.8840088e+01
  -5.9644825e+01   4.8837943e+01
  -5.9650806e+01   4.8835818e+01
  -6.2808534e+01   4.8427688e+01
  -6.4208651e+01   4.8742143e+01
  -6.4214162e+01   4.8744769e+01
  -6.4219656e+01   4.8747378e+01
  -6.4224598e+01   4.8749728e+01
  -6.4229652e+01   4.8752108e+01
  -6.4235205e+01   4.8754724e+01
  -6.4240708e+01   4.8757430e+01
  -6.4288833e+01   4.8782439e+01
  -6.4278714e+01   4.8778632e+01
  -6.4273301e+01   4.8775856e+01
  -6.4267948e+01   4.8773105e+01
  -6.4246588e+01   4.8762041e+01
  -6.4201566e+01   4.8741830e+01
  -6.4195783e+01   4.8739460e+01
  -6.4190006e+01   4.8737091e+01
  -6.4184208e+01   4.8734690e+01
  -6.4178435e+01   4.8732387e+01
  -6.4166778e+01   4.8727714e+01
  -6.4160983e+01   4.8725421e+01
  -6.4154456e+01   4.8724517e+01
  -6.3471214e+01   4.8771554e+01
  -6.4104872e+01   4.9587144e+01
  -6.5060745e+01   4.9299699e+01
  -6.5067533e+01   4.9300329e+01
  -6.5074355e+01   4.9300941e+01
  -6.5081200e+01   4.9301537e+01
  -6.5088006e+01   4.9302049e+01
  -6.5231448e+01   4.9312643e+01
  -6.5238280e+01   4.9313256e+01
  -6.5245150e+01   4.9313844e+01
  -6.5251967e+01   4.9314506e+01
  -6.5258755e+01   4.9315229e+01
  -6.5265529e+01   4.9316004e+01
  -6.5289749e+01   4.9319005e+01
  -6.5287693e+01   4.9322000e+01
  -6.5674523e+01   4.9392440e+01
  -6.6053850e+01   4.9285402e+01
  -6.6154431e+01   4.9256201e+01
  -6.6160730e+01   4.9254432e+01
  -6.6167060e+01   4.9252665e+01
  -6.6173398e+01   4.9250916e+01
  -6.6179785e+01   4.9249196e+01
  -6.6184970e+01   4.9247824e+01
  -6.6193992e+01   4.9249371e+01
  -6.6200987e+01   4.9250539e+01
  -6.6227734e+01   4.9250701e+01
  -6.6234414e+01   4.9249644e+01
  -6.6241123e+01   4.9248601e+01
  -6.6247830e+01   4.9247572e+01
  -6.6254504e+01   4.9246503e+01
  -6.6261189e+01   4.9245435e+01
  -6.6267889e+01   4.9244358e+01
  -6.6274546e+01   4.9243335e+01
  -6.6281235e+01   4.9242279e+01
  -6.6287908e+01   4.9241243e+01
  -6.6294628e+01   4.9240124e+01
  -6.6314517e+01   4.9236783e+01
  -6.6321229e+01   4.9235646e+01
  -6.6327808e+01   4.9234542e+01
  -6.6334544e+01   4.9233370e+01
  -6.6341137e+01   4.9232295e+01
  -6.6347803e+01   4.9231184e+01
  -6.6354506e+01   4.9230094e+01
  -6.6361188e+01   4.9229030e+01
  -6.6367878e+01   4.9227982e+01
  -6.6374544e+01   4.9226956e+01
  -6.6381215e+01   4.9225926e+01
  -6.6387915e+01   4.9224890e+01
  -6.6394635e+01   4.9223855e+01
  -6.7773660e+01   4.9002926e+01
  -6.7779842e+01   4.9000975e+01
  -6.7786042e+01   4.8999026e+01
  -6.7792211e+01   4.8997114e+01
  -6.7798416e+01   4.8995206e+01
  -6.7804665e+01   4.8993382e+01
  -6.7810953e+01   4.8991585e+01
  -6.7817191e+01   4.8989760e+01
  -6.7823450e+01   4.8987911e+01
  -6.7835981e+01   4.8984368e+01
  -6.7841991e+01   4.8982239e+01
  -6.7847572e+01   4.8979623e+01
  -6.7893224e+01   4.8959800e+01
  -6.7965784e+01   4.8922119e+01
  -6.7972213e+01   4.8919904e+01
  -6.7978220e+01   4.8917800e+01
  -6.7984254e+01   4.8915699e+01
  -6.7990325e+01   4.8913609e+01
  -6.7996382e+01   4.8911522e+01
  -6.8002405e+01   4.8909419e+01
  -6.8011867e+01   4.8903329e+01
  -6.8043325e+01   4.8839220e+01
  -6.8045426e+01   4.8834922e+01
  -6.8047481e+01   4.8830641e+01
  -6.8049516e+01   4.8826361e+01
  -6.8051582e+01   4.8822074e+01
  -6.8053935e+01   4.8817855e+01
  -6.8056352e+01   4.8813634e+01
  -6.8058936e+01   4.8809464e+01
  -6.8061540e+01   4.8805321e+01
  -6.8064185e+01   4.8801144e+01
  -6.8066564e+01   4.8797321e+01
  -6.8095516e+01   4.8797751e+01
  -6.8101597e+01   4.8795669e+01
  -6.8107649e+01   4.8793610e+01
  -6.8113650e+01   4.8791526e+01
  -6.8119670e+01   4.8789411e+01
  -6.8125723e+01   4.8787339e+01
  -6.8131919e+01   4.8785525e+01
  -6.8138207e+01   4.8783787e+01
  -6.8144515e+01   4.8782048e+01
  -6.8150805e+01   4.8780342e+01
  -6.8157108e+01   4.8778599e+01
  -6.8163409e+01   4.8776855e+01
  -6.8175952e+01   4.8773384e+01
  -6.8182237e+01   4.8771655e+01
  -6.8188503e+01   4.8769941e+01
  -6.8194825e+01   4.8768218e+01
  -6.8201107e+01   4.8766493e+01
  -6.9152759e+01   4.8369226e+01
  -6.9112678e+01   4.8387142e+01
  -6.8658221e+01   4.8689460e+01
  -6.6617679e+01   4.9941005e+01
  -6.6620687e+01   4.9945078e+01
  -6.6632697e+01   4.9961361e+01
  -6.6635695e+01   4.9965424e+01
  -6.6638650e+01   4.9969499e+01
  -6.6641623e+01   4.9973571e+01
  -6.6644599e+01   4.9977634e+01
  -6.6647544e+01   4.9981730e+01
  -6.6650612e+01   4.9986008e+01
  -6.6653065e+01   4.9989610e+01
  -6.6617513e+01   4.9967371e+01
  -6.6590875e+01   4.9982008e+01
  -6.6585514e+01   4.9984853e+01
  -6.6580034e+01   4.9987741e+01
  -6.6574334e+01   4.9990617e+01
  -6.6609460e+01   4.9971501e+01
  -6.6614103e+01   4.9967376e+01
  -6.6617364e+01   4.9963417e+01
  -6.6617060e+01   4.9959186e+01
  -6.6613552e+01   4.9955283e+01
  -6.6609987e+01   4.9951442e+01
  -6.6606508e+01   4.9947576e+01
  -6.6602994e+01   4.9943636e+01
  -6.5371594e+01   5.0111299e+01
  -6.5063483e+01   4.9670978e+01
  -6.4892947e+01   4.9617902e+01
  -6.2658996e+01   4.9946995e+01
  -6.2655227e+01   4.9950787e+01
  -6.2651509e+01   4.9954593e+01
  -6.2647819e+01   4.9958401e+01
  -6.0418845e+01   4.9763337e+01
  -6.0361691e+01   4.9743832e+01
  -6.0319921e+01   4.9596004e+01
  -6.0346786e+01   4.9591365e+01
  -6.0353824e+01   4.9590220e+01
  -6.0772296e+01   4.9072637e+01
  -6.0791937e+01   4.9076574e+01
  -6.0798538e+01   4.9077888e+01
  -6.0805084e+01   4.9079183e+01
  -6.0811624e+01   4.9080462e+01
  -6.0818232e+01   4.9081764e+01
  -6.0988178e+01   4.9072806e+01
  -6.0826760e+01   4.8784301e+01
  -6.3533526e+01   4.4581367e+01
  -6.1184306e+01   4.5023888e+01
  -6.1114264e+01   4.5044597e+01
  -6.1102556e+01   4.5048041e+01
  -6.1096739e+01   4.5049753e+01
  -6.1090884e+01   4.5051480e+01
  -6.1087033e+01   4.5052664e+01
  -6.1083055e+01   4.5053814e+01
  -6.1053857e+01   4.5062483e+01
  -6.1047992e+01   4.5064235e+01
  -6.1042127e+01   4.5065914e+01
  -6.1036289e+01   4.5067649e+01
  -6.1024586e+01   4.5071072e+01
  -6.0971856e+01   4.5086376e+01
  -6.0966005e+01   4.5088098e+01
  -6.0948367e+01   4.5093110e+01
  -6.0918941e+01   4.5101408e+01
  -6.0913064e+01   4.5103091e+01
  -6.0907167e+01   4.5104705e+01
  -6.0713630e+01   4.5185761e+01
  -5.9920681e+01   4.5717837e+01
  -5.9916183e+01   4.5721034e+01
  -6.0051942e+01   4.6797770e+01
  -6.0059195e+01   4.6805286e+01
  -6.0100410e+01   4.6845765e+01
  -6.0104401e+01   4.6849336e+01
  -6.0124820e+01   4.6866884e+01
  -6.0128875e+01   4.6870419e+01
  -6.0132872e+01   4.6873969e+01
  -6.0136885e+01   4.6877522e+01
  -6.0140922e+01   4.6881058e+01
  -6.0144827e+01   4.6884657e+01
  -6.0152486e+01   4.6891963e+01
  -6.0160097e+01   4.6899264e+01
  -6.0164024e+01   4.6902867e+01
  -6.0167982e+01   4.6906448e+01
  -6.0171930e+01   4.6910045e+01
  -6.0175697e+01   4.6913702e+01
  -5.9451498e+01   4.7714110e+01
  -5.9694025e+01   4.8257584e+01
  -5.9700334e+01   4.8259121e+01
  -5.9713016e+01   4.8262178e+01
  -5.9731984e+01   4.8266800e+01
  -5.9738284e+01   4.8268367e+01
  -5.9639413e+01   4.8539107e+01
  -5.9638211e+01   4.8543530e+01
  -5.9637007e+01   4.8547950e+01
  -5.9631887e+01   4.8565608e+01
  -5.9630566e+01   4.8570026e+01
  -5.9629621e+01   4.8574635e+01
  -5.9631032e+01   4.8576990e+01
  -5.9620969e+01   4.8573521e+01
  -5.9627620e+01   4.8572327e+01
  -5.9634205e+01   4.8571240e+01
  -5.9640768e+01   4.8570137e+01
  -5.9647347e+01   4.8569066e+01
  -5.9653911e+01   4.8567949e+01
  -5.9660481e+01   4.8566836e+01
  -5.9667070e+01   4.8565802e+01
  -5.9673639e+01   4.8564717e+01
  -5.9680223e+01   4.8563651e+01
  -5.9686809e+01   4.8562621e+01
  -5.9699994e+01   4.8560557e+01
  -5.9706592e+01   4.8559482e+01
  -5.9713159e+01   4.8558425e+01
  -5.9719738e+01   4.8557396e+01
  -5.9726326e+01   4.8556317e+01
  -5.9732892e+01   4.8555237e+01
  -5.9739470e+01   4.8554151e+01
  -5.9746050e+01   4.8553078e+01
  -5.9668029e+01   4.8727659e+01
  -5.9661370e+01   4.8728613e+01
  -5.9654729e+01   4.8729516e+01
  -5.9648086e+01   4.8730447e+01
  -5.9641423e+01   4.8731371e+01
  -5.9634772e+01   4.8732304e+01
  -5.9628117e+01   4.8733220e+01
  -5.9621480e+01   4.8734106e+01
  -5.9614834e+01   4.8735058e+01
  -5.9608173e+01   4.8736003e+01
  -5.9601530e+01   4.8736898e+01
  -5.9594855e+01   4.8737795e+01
  -5.9588182e+01   4.8738678e+01
  -5.9581525e+01   4.8739590e+01
  -5.8342941e+01   4.9151054e+01
  -5.8297925e+01   4.9146400e+01
  -5.9075363e+01   4.9204030e+01
  -5.9087911e+01   4.9207691e+01
  -5.9112998e+01   4.9214997e+01
  -5.9119247e+01   4.9216815e+01
  -5.9161964e+01   4.9231238e+01
  -5.9167990e+01   4.9233361e+01
  -5.9174070e+01   4.9235464e+01
  -5.9180130e+01   4.9237602e+01
  -5.9186171e+01   4.9239743e+01
  -5.9192213e+01   4.9241880e+01
  -5.9198234e+01   4.9244023e+01
  -5.9227175e+01   4.9254289e+01
  -5.9232062e+01   4.9256027e+01
  -5.9238122e+01   4.9258195e+01
  -5.9244165e+01   4.9260367e+01
  -5.9246878e+01   4.9263839e+01
  -5.9245296e+01   4.9268145e+01
  -5.9243642e+01   4.9272497e+01
  -5.9241927e+01   4.9276891e+01
  -5.9240231e+01   4.9281292e+01
  -5.9238603e+01   4.9285659e+01
  -5.9239077e+01   4.9288792e+01
  -5.9258353e+01   4.9269842e+01
  -5.9252945e+01   4.9272604e+01
  -5.9247602e+01   4.9275409e+01
  -5.9242222e+01   4.9278199e+01
  -5.9236797e+01   4.9280988e+01
  -5.9231406e+01   4.9283757e+01
  -5.9225990e+01   4.9286555e+01
  -5.9220607e+01   4.9289352e+01
  -5.9215247e+01   4.9292111e+01
  -5.9209846e+01   4.9294928e+01
  -5.9204472e+01   4.9297718e+01
  -5.9199087e+01   4.9300547e+01
  -5.9193773e+01   4.9303336e+01
  -5.9188399e+01   4.9306156e+01
  -5.9183029e+01   4.9308969e+01
  -5.9156268e+01   4.9323107e+01
  -5.9150975e+01   4.9325943e+01
  -5.9134963e+01   4.9334462e+01
  -5.9129635e+01   4.9337313e+01
  -5.9006404e+01   4.9394500e+01
  -5.9000567e+01   4.9396908e+01
  -5.8542694e+01   4.9831983e+01
  -5.8189227e+01   5.0154255e+01
  -5.8185081e+01   5.0150642e+01
  -5.8182792e+01   5.0148649e+01
  -5.8180329e+01   5.0146698e+01
  -5.8174474e+01   5.0146168e+01
  -5.8168266e+01   5.0148248e+01
  -5.8161783e+01   5.0149951e+01
  -5.8155288e+01   5.0151619e+01
  -5.8148777e+01   5.0153264e+01
  -5.8142255e+01   5.0154900e+01
  -5.8135736e+01   5.0156528e+01
  -5.8129199e+01   5.0158143e+01
  -5.8122678e+01   5.0159765e+01
  -5.8109501e+01   5.0163080e+01
  -5.8104917e+01   5.0164717e+01
  -5.8152408e+01   5.0155735e+01
  -5.8146744e+01   5.0158504e+01
  -5.8141175e+01   5.0161236e+01
  -5.8135590e+01   5.0163945e+01
  -5.8113238e+01   5.0174773e+01
  -5.8107689e+01   5.0177497e+01
  -5.8102134e+01   5.0180239e+01
  -5.7549722e+01   5.0587548e+01
  -5.7604077e+01   5.0597279e+01
  -5.7610880e+01   5.0598498e+01
  -5.7631164e+01   5.0602379e+01
  -5.7637981e+01   5.0603695e+01
  -5.7643290e+01   5.0604454e+01
  -5.7643614e+01   5.0608855e+01
  -5.7641660e+01   5.0613260e+01
  -5.7639792e+01   5.0617607e+01
  -5.7632524e+01   5.0634991e+01
  -5.7624712e+01   5.0652240e+01
  -5.7620430e+01   5.0660809e+01
  -5.7618238e+01   5.0665080e+01
  -5.7616032e+01   5.0669345e+01
  -5.7613779e+01   5.0673609e+01
  -5.7611583e+01   5.0677881e+01
  -5.7609374e+01   5.0682148e+01
  -5.7607109e+01   5.0686407e+01
  -5.7604955e+01   5.0690667e+01
  -5.7602663e+01   5.0694926e+01
  -5.7600406e+01   5.0699195e+01
  -5.6636683e+01   5.1511801e+01
  -5.6631831e+01   5.1515106e+01
  -5.6627066e+01   5.1518458e+01
  -5.7528559e+01   5.1225887e+01
  -5.7535421e+01   5.1224615e+01
  -5.7576638e+01   5.1217103e+01
  -5.7583465e+01   5.1215780e+01
  -5.7590303e+01   5.1214471e+01
  -5.7872868e+01   5.1154667e+01
  -5.8581254e+01   5.0377558e+01
  -5.8586139e+01   5.0374326e+01
  -5.8591404e+01   5.0371369e+01
  -5.8597963e+01   5.0370122e+01
  -5.8604958e+01   5.0369515e+01
  -5.8611707e+01   5.0368451e+01
  -5.8615988e+01   5.0365132e+01
  -5.8619718e+01   5.0361348e+01
  -5.8623822e+01   5.0357728e+01
  -5.8629567e+01   5.0357792e+01
  -5.8642113e+01   5.0368658e+01
  -5.8614405e+01   5.0382578e+01
  -5.8607414e+01   5.0383012e+01
  -5.8593418e+01   5.0383879e+01
  -5.8560153e+01   5.0395572e+01
  -5.8556464e+01   5.0399396e+01
  -5.8553733e+01   5.0402115e+01
  -5.8552243e+01   5.0403939e+01
  -6.2822934e+01   4.8431599e+01
  -6.2828918e+01   4.8433725e+01
  -6.2835078e+01   4.8435610e+01
  -6.2839815e+01   4.8436920e+01
  -6.0694694e+01   4.9090891e+01
  -6.0700045e+01   4.9093708e+01
  -6.0705386e+01   4.9096481e+01
  -6.0560724e+01   5.0054967e+01
  -6.0648816e+01   5.0089734e+01
  -6.0681319e+01   5.0072689e+01
  -6.0686539e+01   5.0069741e+01
  -6.0744821e+01   5.0025202e+01
  -6.0755422e+01   5.0019379e+01
  -6.0758682e+01   5.0017696e+01
  -6.0761942e+01   5.0015912e+01
  -6.0767371e+01   5.0013072e+01
  -6.0794407e+01   4.9998874e+01
  -6.0799821e+01   4.9996029e+01
  -6.0845025e+01   4.9975940e+01
  -6.0867388e+01   4.9969784e+01
  -6.0864515e+01   4.9965697e+01
  -6.0861858e+01   4.9961532e+01
  -6.0859194e+01   4.9957374e+01
  -6.0863973e+01   4.9950338e+01
  -6.0868956e+01   4.9953512e+01
  -6.0907548e+01   4.9990935e+01
  -6.0910593e+01   4.9994389e+01
  -6.0909411e+01   4.9993783e+01
  -6.2518312e+01   4.9942957e+01
  -6.2500290e+01   4.9935307e+01
  -6.2531218e+01   4.9917166e+01
  -6.2536433e+01   4.9914177e+01
  -6.2614766e+01   4.9863077e+01
  -6.2644412e+01   4.9844121e+01
  -6.2659910e+01   4.9835112e+01
  -6.2665602e+01   4.9832541e+01
  -6.2671231e+01   4.9829897e+01
  -6.2676950e+01   4.9827343e+01
  -6.2682621e+01   4.9824749e+01
  -6.2688452e+01   4.9822325e+01
  -6.2762346e+01   4.9833957e+01
  -6.2764851e+01   4.9838155e+01
  -6.3256631e+01   4.9904616e+01
  -6.3263531e+01   4.9905273e+01
  -6.3277314e+01   4.9906535e+01
  -6.3284190e+01   4.9907168e+01
  -6.3291078e+01   4.9907820e+01
  -6.3297976e+01   4.9908457e+01
  -6.3304880e+01   4.9909067e+01
  -6.3325567e+01   4.9910895e+01
  -6.3401024e+01   4.9918958e+01
  -6.3407754e+01   4.9920131e+01
  -6.3447894e+01   4.9927615e+01
  -6.3454860e+01   4.9928802e+01
  -6.3457039e+01   4.9926569e+01
  -6.3452536e+01   4.9923139e+01
  -6.3447433e+01   4.9920052e+01
  -6.3442361e+01   4.9916981e+01
  -6.3437332e+01   4.9913860e+01
  -6.3421842e+01   4.9899887e+01
  -6.3428011e+01   4.9901963e+01
  -6.3471016e+01   4.9916771e+01
  -6.3477188e+01   4.9918978e+01
  -6.3481440e+01   4.9922124e+01
  -6.3481463e+01   4.9926427e+01
  -6.3480451e+01   4.9930910e+01
  -6.3479537e+01   4.9935088e+01
  -6.3491156e+01   4.9939303e+01
  -6.3530726e+01   4.9962298e+01
  -6.3536588e+01   4.9964741e+01
  -6.3538658e+01   4.9975663e+01
  -6.3524837e+01   4.9974823e+01
  -6.3517865e+01   4.9974555e+01
  -6.3486432e+01   4.9961842e+01
  -6.4247930e+01   5.0185979e+01
  -6.4352538e+01   5.0204644e+01
  -6.4363088e+01   5.0198722e+01
  -6.4368326e+01   5.0195747e+01
  -6.4465505e+01   5.0137440e+01
  -6.4454983e+01   5.0007030e+01
  -6.4449266e+01   5.0004429e+01
  -6.4443641e+01   5.0001783e+01
  -6.4438011e+01   4.9999141e+01
  -6.4432350e+01   4.9996512e+01
  -6.4426806e+01   4.9993791e+01
  -6.4421960e+01   4.9990634e+01
  -6.4475991e+01   5.0002105e+01
  -6.4479906e+01   4.9998388e+01
  -6.4628568e+01   4.9951554e+01
  -6.4630609e+01   4.9955859e+01
  -6.4632629e+01   4.9960151e+01
  -6.4634526e+01   4.9964489e+01
  -6.4634367e+01   4.9968856e+01
  -6.4630843e+01   4.9972673e+01
  -6.4626616e+01   4.9976241e+01
  -6.4622405e+01   4.9979839e+01
  -6.4618156e+01   4.9983407e+01
  -6.4609601e+01   4.9990612e+01
  -6.4605529e+01   4.9994177e+01
  -6.5354397e+01   4.9868247e+01
  -6.5803612e+01   4.9869798e+01
  -6.5793965e+01   4.9918820e+01
  -6.5792770e+01   4.9923255e+01
  -6.5787829e+01   4.9940959e+01
  -6.5786562e+01   4.9945371e+01
  -6.5742228e+01   4.9984948e+01
  -6.5739477e+01   4.9988954e+01
  -6.6212313e+01   5.0091962e+01
  -6.6219140e+01   5.0092889e+01
  -6.6225994e+01   5.0093775e+01
  -6.6232831e+01   5.0094735e+01
  -6.6239648e+01   5.0095703e+01
  -6.6253287e+01   5.0097651e+01
  -6.6267238e+01   5.0099714e+01
  -6.6273420e+01   5.0100275e+01
  -6.6279337e+01   5.0100812e+01
  -6.6104623e+01   4.9657585e+01
  -6.6854608e+01   4.9556595e+01
  -6.6890195e+01   4.9535293e+01
  -6.6915681e+01   4.9520120e+01
  -6.6920783e+01   4.9517117e+01
  -6.6925897e+01   4.9514085e+01
  -6.6930994e+01   4.9511041e+01
  -6.6936110e+01   4.9508018e+01
  -6.6941246e+01   4.9505012e+01
  -6.6946375e+01   4.9502015e+01
  -6.7047900e+01   4.9441125e+01
  -6.7052924e+01   4.9438044e+01
  -6.7114289e+01   4.9401497e+01
  -6.7117396e+01   4.9399432e+01
  -6.7171786e+01   4.9393599e+01
  -6.7191249e+01   4.9375379e+01
  -6.7198776e+01   4.9367682e+01
  -6.7201074e+01   4.9365317e+01
  -6.7177002e+01   4.9385535e+01
  -6.7178050e+01   4.9380986e+01
  -6.7179015e+01   4.9376536e+01
  -6.7179978e+01   4.9372083e+01
  -6.7180582e+01   4.9367601e+01
  -6.7181133e+01   4.9363120e+01
  -6.7181785e+01   4.9358655e+01
  -6.7182318e+01   4.9354161e+01
  -6.7189033e+01   4.9286889e+01
  -6.7189273e+01   4.9282394e+01
  -6.8104871e+01   4.8885893e+01
  -6.8108564e+01   4.8882121e+01
  -6.8112266e+01   4.8878333e+01
  -6.8116054e+01   4.8874594e+01
  -6.8119865e+01   4.8870871e+01
  -6.8123686e+01   4.8867165e+01
  -6.8127551e+01   4.8863454e+01
  -6.8131397e+01   4.8859753e+01
  -6.8135282e+01   4.8856043e+01
  -6.8139240e+01   4.8852382e+01
  -6.8501242e+01   4.8798683e+01
  -6.8507264e+01   4.8796599e+01
  -6.8513275e+01   4.8794493e+01
  -6.8519288e+01   4.8792387e+01
  -6.8525314e+01   4.8790288e+01
  -6.8537195e+01   4.8785915e+01
  -6.8584040e+01   4.8765886e+01
  -6.8589990e+01   4.8763431e+01
  -6.8595629e+01   4.8760933e+01
  -6.8601102e+01   4.8758371e+01
  -6.8605007e+01   4.8756550e+01
  -6.8581598e+01   4.8768040e+01
  -6.8587501e+01   4.8765804e+01
  -6.8628684e+01   4.8750044e+01
  -6.8646324e+01   4.8743244e+01
  -6.8652235e+01   4.8741019e+01
  -6.8744474e+01   4.8712822e+01
  -6.8750672e+01   4.8710946e+01
  -6.8756820e+01   4.8709035e+01
  -6.8762955e+01   4.8707119e+01
  -6.8769149e+01   4.8705223e+01
  -6.8775287e+01   4.8703305e+01
  -6.8786418e+01   4.8698293e+01
  -6.8791913e+01   4.8695675e+01
  -6.8489528e+01   4.8698836e+01
  -6.8488092e+01   4.8703233e+01
  -6.8486702e+01   4.8707628e+01
  -6.8485359e+01   4.8712049e+01
  -6.8484005e+01   4.8716435e+01
  -6.8482829e+01   4.8720867e+01
  -6.8481569e+01   4.8725267e+01
  -6.8480388e+01   4.8729727e+01
  -6.8479182e+01   4.8734140e+01
  -6.8478004e+01   4.8738576e+01
  -6.8476849e+01   4.8743006e+01
  -6.8475764e+01   4.8747488e+01
  -6.8474729e+01   4.8751980e+01
  -6.8473600e+01   4.8756272e+01
  -6.8471518e+01   4.8760341e+01
  -6.8401881e+01   4.8796161e+01
  -6.8395202e+01   4.8796802e+01
  -6.8361359e+01   4.8799470e+01
  -6.8354594e+01   4.8799970e+01
  -6.8205573e+01   4.8809653e+01
  -6.8198796e+01   4.8810058e+01
  -6.8192011e+01   4.8810488e+01
  -6.8178463e+01   4.8811339e+01
  -6.8171684e+01   4.8811736e+01
  -6.8164899e+01   4.8812150e+01
  -6.8144580e+01   4.8813271e+01
  -6.8137777e+01   4.8813669e+01
  -6.8130988e+01   4.8814053e+01
  -6.8126487e+01   4.8814297e+01
  -6.8121827e+01   4.8814641e+01
  -6.8115053e+01   4.8815250e+01
  -6.8108327e+01   4.8815965e+01
  -6.8101637e+01   4.8816737e+01
  -6.8094905e+01   4.8817423e+01
  -6.8088184e+01   4.8818159e+01
  -6.8081450e+01   4.8818878e+01
  -6.8074748e+01   4.8819631e+01
  -6.8068050e+01   4.8820431e+01
  -6.8061341e+01   4.8821183e+01
  -6.8054628e+01   4.8821934e+01
  -6.8047918e+01   4.8822688e+01
  -6.8041189e+01   4.8823426e+01
  -6.7130821e+01   4.9066080e+01
  -6.7124201e+01   4.9067202e+01
  -6.6783480e+01   4.9149635e+01
  -6.6613424e+01   4.9239414e+01
  -6.6608744e+01   4.9242691e+01
  -6.6604068e+01   4.9245983e+01
  -6.6203925e+01   4.9242721e+01
  -6.6034246e+01   4.9373983e+01
  -6.6028667e+01   4.9371137e+01
  -6.6023398e+01   4.9368356e+01
  -6.6018049e+01   4.9365504e+01
  -6.6012688e+01   4.9362676e+01
  -6.5843233e+01   4.9324401e+01
  -6.5774301e+01   4.9322445e+01
  -6.5767420e+01   4.9322295e+01
  -6.5760560e+01   4.9322129e+01
  -6.5753690e+01   4.9321980e+01
  -6.5746816e+01   4.9321775e+01
  -6.5739948e+01   4.9321606e+01
  -6.5733060e+01   4.9321417e+01
  -6.5726183e+01   4.9321189e+01
  -6.5719337e+01   4.9320961e+01
  -6.5712463e+01   4.9320689e+01
  -6.5705598e+01   4.9320449e+01
  -6.5698724e+01   4.9320192e+01
  -6.5691826e+01   4.9320000e+01
  -6.5684998e+01   4.9319796e+01
  -6.5678103e+01   4.9319562e+01
  -6.5671229e+01   4.9319325e+01
  -6.5664367e+01   4.9319087e+01
  -6.5657509e+01   4.9318887e+01
  -6.5650636e+01   4.9318657e+01
  -6.5643750e+01   4.9318440e+01
  -6.5636884e+01   4.9318196e+01
  -6.5630043e+01   4.9317970e+01
  -6.5623160e+01   4.9317774e+01
  -6.5588819e+01   4.9316517e+01
  -6.5581961e+01   4.9316272e+01
  -6.4826826e+01   4.9259404e+01
  -6.4744681e+01   4.9213748e+01
  -6.4750143e+01   4.9216375e+01
  -6.4747463e+01   4.9217742e+01
  -6.4740997e+01   4.9215601e+01
  -6.4734981e+01   4.9213407e+01
  -6.4729018e+01   4.9211185e+01
  -6.4724576e+01   4.9209526e+01
  -6.4719999e+01   4.9207822e+01
  -6.4707953e+01   4.9203369e+01
  -6.4701960e+01   4.9201183e+01
  -6.4732060e+01   4.9219855e+01
  -6.4734416e+01   4.9224193e+01
  -6.4736720e+01   4.9228437e+01
  -6.4739067e+01   4.9232702e+01
  -6.4741303e+01   4.9236926e+01
  -6.4743541e+01   4.9241154e+01
  -6.4745782e+01   4.9245402e+01
  -6.4748013e+01   4.9249661e+01
  -6.4750286e+01   4.9253912e+01
  -6.4752562e+01   4.9258147e+01
  -6.4754784e+01   4.9262401e+01
  -6.4318605e+01   4.8799014e+01
  -6.4313160e+01   4.8796326e+01
  -6.4307756e+01   4.8793588e+01
  -6.4302267e+01   4.8790920e+01
  -6.4291520e+01   4.8785406e+01
  -6.4286261e+01   4.8782562e+01
  -6.4281005e+01   4.8779688e+01
  -6.4275804e+01   4.8776810e+01
  -6.4234157e+01   4.8753649e+01
  -6.4228888e+01   4.8750790e+01
  -6.4212812e+01   4.8742529e+01
  -6.4207399e+01   4.8739814e+01
  -6.4201965e+01   4.8737099e+01
  -6.4196562e+01   4.8734370e+01
  -6.4191122e+01   4.8731680e+01
  -6.4185598e+01   4.8729053e+01
  -6.4180120e+01   4.8726386e+01
  -6.4174673e+01   4.8723706e+01
  -6.4169182e+01   4.8721077e+01
  -6.4163756e+01   4.8718359e+01
  -6.4158301e+01   4.8715683e+01
  -6.4152366e+01   4.8713858e+01
  -6.4146333e+01   4.8715432e+01
  -6.4141047e+01   4.8718234e+01
  -6.4135576e+01   4.8720909e+01
  -6.4130117e+01   4.8723597e+01
  -6.4079897e+01   4.8866497e+01
  -6.4079218e+01   4.9634003e+01
